Inference for Stan model: real_model_model
1 chains: each with iter=(10000); warmup=(0); thin=(1); 10000 iterations saved.

Warmup took (49) seconds, 49 seconds total
Sampling took (337) seconds, 5.6 minutes total

                    Mean     MCSE   StdDev        5%       50%       95%  N_Eff  N_Eff/s    R_hat
lp__             6.8e+01  7.2e-02  2.8e+00   6.2e+01   6.8e+01   7.1e+01   1492  4.4e+00  1.0e+00
accept_stat__    8.3e-01  3.1e-03  2.2e-01   2.9e-01   9.2e-01   1.0e+00   5084  1.5e+01  1.0e+00
stepsize__       1.3e-01  3.5e-15  2.4e-15   1.3e-01   1.3e-01   1.3e-01   0.50  1.5e-03  1.0e+00
treedepth__      4.6e+00  7.0e-03  6.6e-01   3.0e+00   5.0e+00   5.0e+00   8702  2.6e+01  1.0e+00
n_leapfrog__     3.0e+01  1.3e-01  1.3e+01   1.5e+01   3.1e+01   6.3e+01   8920  2.6e+01  1.0e+00
divergent__      2.9e-03  5.4e-04  5.4e-02   0.0e+00   0.0e+00   0.0e+00  10000  3.0e+01  1.0e+00
energy__        -6.4e+01  8.3e-02  3.4e+00  -6.8e+01  -6.4e+01  -5.7e+01   1716  5.1e+00  1.0e+00
theta1[1]        9.7e-01  1.2e-02  6.9e-01   1.1e-01   8.2e-01   2.3e+00   3397  1.0e+01  1.0e+00
theta1[2]        4.6e-01  1.2e-02  5.8e-01   4.6e-02   2.4e-01   1.8e+00   2297  6.8e+00  1.0e+00
theta1[3]        3.7e-01  1.0e-02  2.2e-01   1.8e-01   3.3e-01   6.0e-01    462  1.4e+00  1.0e+00
theta1[4]        9.9e-01  1.1e-02  4.9e-01   4.5e-01   8.6e-01   2.0e+00   1968  5.8e+00  1.0e+00
lambda[1]        1.6e+00  1.3e-02  9.4e-01   7.1e-02   1.6e+00   3.1e+00   4946  1.5e+01  1.0e+00
lambda[2]        4.0e-01  9.8e-03  5.7e-01  -4.0e-01   3.4e-01   1.5e+00   3324  9.9e+00  1.0e+00
sigma            7.7e-01  1.1e-03  6.4e-02   6.7e-01   7.7e-01   8.8e-01   3373  1.0e+01  1.0e+00
V0               3.3e-02  9.8e-03  1.8e-01   8.5e-04   1.0e-02   5.5e-02    350  1.0e+00  1.0e+00
theta[1]         9.7e-01  1.2e-02  6.9e-01   1.1e-01   8.2e-01   2.3e+00   3397  1.0e+01  1.0e+00
theta[2]         4.6e-01  1.2e-02  5.8e-01   4.6e-02   2.4e-01   1.8e+00   2297  6.8e+00  1.0e+00
theta[3]         1.6e+00  1.3e-02  9.4e-01   7.1e-02   1.6e+00   3.1e+00   4946  1.5e+01  1.0e+00
theta[4]         3.7e-01  1.0e-02  2.2e-01   1.8e-01   3.3e-01   6.0e-01    462  1.4e+00  1.0e+00
theta[5]         9.9e-01  1.1e-02  4.9e-01   4.5e-01   8.6e-01   2.0e+00   1968  5.8e+00  1.0e+00
theta[6]         4.0e-01  9.8e-03  5.7e-01  -4.0e-01   3.4e-01   1.5e+00   3324  9.9e+00  1.0e+00
V_hat[1,1]       0.0e+00  0.0e+00  0.0e+00   0.0e+00   0.0e+00   0.0e+00  10000  3.0e+01     -nan
V_hat[1,2]       3.9e-02  2.3e-03  4.5e-02   4.3e-03   2.7e-02   1.0e-01    389  1.2e+00  1.0e+00
V_hat[2,1]       0.0e+00  0.0e+00  0.0e+00   0.0e+00   0.0e+00   0.0e+00  10000  3.0e+01     -nan
V_hat[2,2]       6.3e-02  2.2e-03  5.2e-02   1.1e-02   5.0e-02   1.6e-01    586  1.7e+00  1.0e+00
V_hat[3,1]       0.0e+00  0.0e+00  0.0e+00   0.0e+00   0.0e+00   0.0e+00  10000  3.0e+01     -nan
V_hat[3,2]       1.0e-01  1.9e-03  6.2e-02   3.0e-02   9.0e-02   2.3e-01   1039  3.1e+00  1.0e+00
V_hat[4,1]       0.0e+00  0.0e+00  0.0e+00   0.0e+00   0.0e+00   0.0e+00  10000  3.0e+01     -nan
V_hat[4,2]       2.1e-01  1.3e-03  7.9e-02   9.6e-02   2.0e-01   3.5e-01   3553  1.1e+01  1.0e+00
V_hat[5,1]       0.0e+00  0.0e+00  0.0e+00   0.0e+00   0.0e+00   0.0e+00  10000  3.0e+01     -nan
V_hat[5,2]       3.8e-01  1.4e-03  1.0e-01   2.2e-01   3.8e-01   5.5e-01   5118  1.5e+01  1.0e+00
V_hat[6,1]       0.0e+00  0.0e+00  0.0e+00   0.0e+00   0.0e+00   0.0e+00  10000  3.0e+01     -nan
V_hat[6,2]       5.0e-01  2.4e-03  1.3e-01   2.9e-01   5.0e-01   7.1e-01   2742  8.1e+00  1.0e+00
V0s[1]           0.0e+00  0.0e+00  0.0e+00   0.0e+00   0.0e+00   0.0e+00  10000  3.0e+01     -nan
V0s[2]           3.3e-02  9.8e-03  1.8e-01   8.5e-04   1.0e-02   5.5e-02    350  1.0e+00  1.0e+00
t                    nan      nan      nan       nan       nan       nan  10000  3.0e+01      nan
j                6.0e+00  9.5e-16  9.5e-14   6.0e+00   6.0e+00   6.0e+00  10000  3.0e+01  1.0e+00
i                1.0e+00  4.5e-16  4.5e-14   1.0e+00   1.0e+00   1.0e+00  10000  3.0e+01  1.0e+00
LL                   nan      nan      nan       nan       nan       nan  10000  3.0e+01      nan

Samples were drawn using hmc with nuts.
For each parameter, N_Eff is a crude measure of effective sample size,
and R_hat is the potential scale reduction factor on split chains (at 
convergence, R_hat=1).

